0.0010854255416666667
0.0004859568888888889
0.005257580833333334
3.8879163888888875e-05
0.07810126555555555
0.03827741638888889
0.038575695555555574
0.0035380497638888894
0.0005321180305555556
0.0005215510305555556
0.0036052219555555557
0.16602929888888884
0.606202048888889
0.020710151233333324
0.9742994166666666
0.7043883055555556
8.661830555555557
0.1195641822222222
1.7274583055555555
0.01307078036388889
0.001093159
0.0024935433333333336
0.056244972222222224
0.12317070715502437
0.008350928888888888
0.1717117830555555
0.13328497222222224
0.0019299158083333336
0.0001574339
0.04260908305555556
17.826455555555558
0.021160383055555558
14.745808333333335
0.004007052455555556
2.4481043333333328
0.09838471666666666
9.328428083333334e-10
0.006770027941666667
6.646891416666667
0.0016178132750000003
10.675815555555554
0.00018663932222222224
0.4978938288888888
9.939497222222222
0.51409
0.29243696555555554
0.10310000000000004
0.005939358788888888
0.00033072036388888897
0.03180344704987074
229.95572806612626
0.018381414020170184
145.01964111755498
0.0018709519321802102
16.230968084951108
0.11671138254363887
2.8638448525363885e-07
0.023753288966460832
186.2860972222222
0.0003352930659363889
382.0161778888889
0.07194434427500002
25.14516388888889
0.040469815208333336
29.228941666666675
0.004683023475000001
1.6041416666666661
0.1380622788888889
2.7163887222222224e-09
0.0055282988888888905
7.595988888888888
0.0016668208305555554
11.314459888888887
0.001576612483638889
65.20023333333333
0.0004615772076388889
63.65615555555555
0.0003657411530097222
9.650646972222223
0.022320832097222222
6.4631883763888895e-12
0.0007277689065555554
5.976306972222223
0.0072705101649722225
59.437430555555565
0.012587828625600744
192.70269793366663
0.008220681304685182
133.2716830392394
0.0005078252183772203
8.017172120333335
0.043941829655555556
2.3642148278888885e-07
0.009549403208262221
195.69060830555557
0.00019288162488888892
463.94664363888893
0.028261788697222224
58.23103055555555
0.01805197408288889
111.2080769722222
0.0012499609888888888
13.527822222222222
0.05135247222222224
2.012749266666667e-09
0.0019380431555555554
35.97676388888888
0.0005338124305555557
13.773334750000004
0.6084659766666666
9.74823333333333
0.0038560796972222223
29.116275000000005
0.001368244830555556
29.246471638888885
0.000744237475
1.33390275
0.04516350305555555
4.0218383638888884e-11
0.0017227984305555554
3.5682916388888892
0.013219061941666665
41.48405555555554
0.17671354972222225
0.00016947865555555554
0.8978862222222223
10.193941666666666
0.16277856083333334
1.1758714166666664
0.1771227722222222
0.8820003055555556
4.894830555555554
0.008801909541666668
56.590524
0.006442031430555556
54.93738888888889
0.0003893375
1.5512816388888893
0.02301768305555556
4.457883333333333e-07
0.007174282222222225
43.861399999999996
0.00020242087499999998
4.592433638888889
0.01182069262222222
93.71208622222224
0.007209480497222223
108.30116497222222
0.0006545942012222224
16.156301416666665
0.02252360960833333
2.841028141666667e-09
0.0011593814888888887
46.452288888888894
0.000190251166
22.080190666666667
0.016940443055555553
0.005372676666666667
21.91383055555555
0.002769875433333334
20.819763888888886
0.0007026628743055555
3.6616847499999996
0.029028236388888892
7.542140000000002e-11
0.0013721136972222221
2.2610305555555557
0.005246699822222222
19.814566666666668
0.040823132222222225
0.24751796083333336
6.410468305555556
0.18491084972222224
0.0002854527888888889
0.005615489999999998
0.0010199326083333334
0.05691021222222222
0.9831555555555557
0.1095827163888889
0.01635682933057444
125.79811659964237
0.008620073387031892
89.66371999711114
0.0013155787979723596
11.906103758246037
0.05747491249722222
5.4175336141666666e-08
0.014271879055555553
78.49649722222222
6.419361497222221e-05
25.312509888888894
0.00019470685555555552
72.44309722222224
5.6660260145555566e-05
40.77364600000001
4.420399161638887e-05
15.332276555555556
0.0029524791605555554
2.9523921476388884e-13
9.11597440388889e-05
12.769429555555556
0.0010335225969722221
83.88245555555554
0.006419126666666667
25.098763888888886
0.0033925163888888893
29.68516666666667
0.0006789174305555555
2.234
0.01951473638888889
1.1652520833333332e-10
0.0019326326222222222
8.993208333333335
0.0011210210305555553
15.982782888888888
2.70140738e-05
22.099464333333337
1.032448741994167e-05
16.605458303055556
4.340230069722223e-06
2.463702222222222
0.0006187828895555556
1.3349324099999998e-14
8.89584231638889e-06
3.248361638888889
0.0002916615038888889
17.709622222222222
