0.048925
0.07486666666666665
0.41995
0.08569833333333333
1.2053666666666667
0.8084833333333333
0.6999333333333333
0.13915833333333333
0.07252833333333333
0.05813833333333333
0.12749333333333335
1.3299666666666667
2.598466666666667
0.33558999999999994
3.5185
3.114833333333333
33.098333333333336
1.1615333333333338
3.7718333333333334
0.3454216666666666
0.08170000000000001
0.2873
1.456833333333333
0.5399190216666666
0.47906666666666664
1.0194833333333333
9.950166666666666
0.138105
0.06341000000000001
0.6669833333333333
63.123333333333335
0.4854833333333333
46.144999999999996
0.18162333333333336
16.987000000000002
1.0525
0.000104305
0.271585
25.8095
0.11373499999999998
11.076666666666666
0.05136333333333334
2.467266666666667
26.14833333333333
2.3899999999999997
1.2780333333333336
23.970000000000002
0.18547666666666668
0.07851166666666666
0.24354724743101333
41.87816135923333
0.1913916833473
33.782001355
0.05217039908371333
8.0910766709
0.5071161666666667
0.0008089721666666667
0.23587414999999998
46.24166666666667
0.027707716666666667
11.884333333333332
0.7136849999999999
64.31833333333334
0.49992500000000006
44.535000000000004
0.21419500000000002
19.794999999999998
1.0922333333333332
0.0001541166666666666
0.27136666666666664
25.563333333333333
0.10690166666666667
10.119666666666669
0.05119883333333333
34.61
0.032655833333333335
24.113333333333333
0.018554583333333333
10.496166666666666
0.15815833333333335
2.6424166666666674e-06
0.027883666666666664
17.09716666666667
0.07906983333333334
48.30833333333333
0.1801748311666667
35.2061
0.14729195253
28.992830519999995
0.032866041166666665
6.215300000000001
0.44339666666666666
0.0010710566666666665
0.2282099333333333
50.44683333333333
0.03501866666666667
14.362166666666663
0.3538116666666666
60.861666666666665
0.23631733333333338
38.84616666666667
0.11759666666666665
22.013333333333335
0.5611666666666667
0.00011031999999999999
0.15828666666666666
30.041666666666664
0.04914166666666667
9.1045
2.2203
23.31
0.13467166666666666
35.01499999999999
0.08910166666666666
23.856833333333334
0.045494999999999994
11.171500000000002
0.39638333333333325
1.1602833333333335e-05
0.08170833333333331
20.87816666666667
0.179965
44.11666666666667
1.6408166666666666
0.07703666666666666
3.450666666666667
36.615
1.48765
3.7845
1.0478333333333334
3.747833333333333
40.09833333333333
0.296825
35.594
0.20985833333333334
24.983333333333334
0.08695
10.621833333333337
0.8164833333333334
0.0037150000000000004
0.4654666666666667
57.55999999999999
0.054225
6.856166666666666
0.20999333333333334
58.002666666666656
0.14071833333333336
37.26483333333333
0.06925766666666666
20.744500000000002
0.345915
0.000123055
0.1065533333333333
32.82666666666667
0.029467999999999998
9.184000000000001
0.4805833333333333
0.2807
46.14833333333333
0.19576999999999994
32.24166666666667
0.08495916666666667
13.9055
0.6137166666666667
3.0360000000000004e-05
0.13712166666666667
22.46166666666667
0.19601333333333334
31.409999999999993
0.5433666666666667
1.9816500000000004
9.413166666666665
1.5860166666666666
0.04942333333333334
1.1200999999999999
0.14638500000000002
0.8205666666666664
35.64666666666666
0.6105166666666666
0.2983383333891666
55.12333338433332
0.23296000002783332
43.916666692
0.06540190002816666
11.203000025666663
0.5382183333333332
0.000528205
0.21871666666666664
39.801666666666655
0.021055166666666663
5.086333333333333
0.018333333333333333
35.70833333333334
0.010064566666666669
20.402
0.008269483333333333
15.31033333333333
0.05788166666666668
5.606416666666666e-07
0.009882166666666668
16.347333333333335
0.029663833333333334
47.95666666666666
0.3282
57.641666666666666
0.24268333333333336
42.85000000000001
0.08549166666666667
14.8
0.5711166666666666
4.432500000000001e-05
0.14072666666666667
24.375
0.10228833333333334
17.98733333333333
0.007364999999999999
21.097
0.004740735
13.725116666666667
0.0026281166666666665
7.373333333333334
0.034569333333333334
1.6036999999999997e-07
0.0035913166666666665
9.843166666666665
0.023621666666666662
69.07333333333332
